image_width: 120
image_height: 160
camera_name: camera
camera_matrix:
  rows: 3
  cols: 3
  data: [268.545517, 0.000000, 156.478764, 0.000000, 267.758343, 132.117238, 0.000000, 0.000000, 1.000000]
distortion_model: plumb_bob
distortion_coefficients:
  rows: 1
  cols: 5
  data: [-0.030609, -0.071767, 0.014567, 0.008852, 0.000000]
rectification_matrix:
  rows: 3
  cols: 3
  data: [1.000000, 0.000000, 0.000000, 0.000000, 1.000000, 0.000000, 0.000000, 0.000000, 1.000000]
projection_matrix:
  rows: 3
  cols: 4
  data: [263.609344, 0.000000, 159.122479, 0.000000, 0.000000, 264.121368, 135.049309, 0.000000, 0.000000, 0.000000, 1.000000, 0.000000]
